Time taken: 197.32984495162964
pps: 4014.491574724454
mBps: 1.8021821589490032
